14.00  13.50  13.00  12.50  12.00  11.50  11.00  10.50  10.00  9.50  9.00  8.50  8.00  7.50  7.00  7.50  8.00  8.50  9.00  9.50  10.00  10.50  11.00  11.50  12.00  12.50  13.00  13.50  14.00  14.50  15.00  15.50  16.00  
13.50  13.00  12.50  12.00  11.50  11.00  10.50  10.00  9.50  9.00  8.50  8.00  7.50  7.00  6.50  7.00  7.50  8.00  8.50  9.00  9.50  10.00  10.50  11.00  11.50  12.00  12.50  13.00  13.50  14.00  14.50  15.00  15.50  
13.00  12.50  12.00  11.50  11.00  10.50  10.00  9.50  9.00  8.50  8.00  7.50  7.00  6.50  6.00  6.50  7.00  7.50  8.00  8.50  9.00  9.50  10.00  10.50  11.00  11.50  12.00  12.50  13.00  13.50  14.00  14.50  15.00  
12.50  12.00  11.50  11.00  10.50  10.00  9.50  9.00  8.50  8.00  7.50  7.00  6.50  6.00  5.50  6.00  6.50  7.00  7.50  8.00  8.50  9.00  9.50  10.00  10.50  11.00  11.50  12.00  12.50  13.00  13.50  14.00  14.50  
12.00  11.50  11.00  10.50  10.00  9.50  9.00  8.50  8.00  7.50  7.00  6.50  6.00  5.50  5.00  5.50  6.00  6.50  7.00  7.50  8.00  8.50  9.00  9.50  10.00  10.50  11.00  11.50  12.00  12.50  13.00  13.50  14.00  
11.50  11.00  10.50  10.00  9.50  9.00  8.50  8.00  7.50  7.00  6.50  6.00  5.50  5.00  4.50  5.00  5.50  6.00  6.50  7.00  7.50  8.00  8.50  9.00  9.50  10.00  10.50  11.00  11.50  12.00  12.50  13.00  13.50  
11.00  10.50  10.00  9.50  9.00  8.50  8.00  7.50  7.00  6.50  6.00  5.50  5.00  4.50  4.00  4.50  5.00  5.50  6.00  6.50  7.00  7.50  8.00  8.50  9.00  9.50  10.00  10.50  11.00  11.50  12.00  12.50  13.00  
10.50  10.00  9.50  9.00  8.50  8.00  7.50  7.00  6.50  6.00  5.50  5.00  4.50  4.00  3.50  4.00  4.50  5.00  5.50  6.00  6.50  7.00  7.50  8.00  8.50  9.00  9.50  10.00  10.50  11.00  11.50  12.00  12.50  
10.00  9.50  9.00  8.50  8.00  7.50  7.00  6.50  6.00  5.50  5.00  4.50  4.00  3.50  3.00  3.50  4.00  4.50  5.00  5.50  6.00  6.50  7.00  7.50  8.00  8.50  9.00  9.50  10.00  10.50  11.00  11.50  12.00  
9.50  9.00  8.50  8.00  7.50  7.00  6.50  6.00  5.50  5.00  4.50  4.00  3.50  3.00  2.50  3.00  3.50  4.00  4.50  5.00  5.50  6.00  6.50  7.00  7.50  8.00  8.50  9.00  9.50  10.00  10.50  11.00  11.50  
9.00  8.50  8.00  7.50  7.00  6.50  6.00  5.50  5.00  4.50  4.00  3.50  3.00  2.50  2.00  2.50  3.00  3.50  4.00  4.50  5.00  5.50  6.00  6.50  7.00  7.50  8.00  8.50  9.00  9.50  10.00  10.50  11.00  
8.50  8.00  7.50  7.00  6.50  6.00  5.50  5.00  4.50  4.00  3.50  3.00  2.50  2.00  1.50  2.00  2.50  3.00  3.50  4.00  4.50  5.00  5.50  6.00  6.50  7.00  7.50  8.00  8.50  9.00  9.50  10.00  10.50  
8.00  7.50  7.00  6.50  6.00  5.50  5.00  4.50  4.00  3.50  3.00  2.50  2.00  1.50  1.00  1.50  2.00  2.50  3.00  3.50  4.00  4.50  5.00  5.50  6.00  6.50  7.00  7.50  8.00  8.50  9.00  9.50  10.00  
7.50  7.00  6.50  6.00  5.50  5.00  4.50  4.00  3.50  3.00  2.50  2.00  1.50  1.00  0.50  1.00  1.50  2.00  2.50  3.00  3.50  4.00  4.50  5.00  5.50  6.00  6.50  7.00  7.50  8.00  8.50  9.00  9.50  
7.00  6.50  6.00  5.50  5.00  4.50  4.00  3.50  3.00  2.50  2.00  1.50  1.00  0.50  0.00  0.50  1.00  1.50  2.00  2.50  3.00  3.50  4.00  4.50  5.00  5.50  6.00  6.50  7.00  7.50  8.00  8.50  9.00  
7.50  7.00  6.50  6.00  5.50  5.00  4.50  4.00  3.50  3.00  2.50  2.00  1.50  1.00  0.50  1.00  1.50  2.00  2.50  3.00  3.50  4.00  4.50  5.00  5.50  6.00  6.50  7.00  7.50  8.00  8.50  9.00  9.50  
8.00  7.50  7.00  6.50  6.00  5.50  5.00  4.50  4.00  3.50  3.00  2.50  2.00  1.50  1.00  1.50  2.00  2.50  3.00  3.50  4.00  4.50  5.00  5.50  6.00  6.50  7.00  7.50  8.00  8.50  9.00  9.50  10.00  
8.50  8.00  7.50  7.00  6.50  6.00  5.50  5.00  4.50  4.00  3.50  3.00  2.50  2.00  1.50  2.00  2.50  3.00  3.50  4.00  4.50  5.00  5.50  6.00  6.50  7.00  7.50  8.00  8.50  9.00  9.50  10.00  10.50  
9.00  8.50  8.00  7.50  7.00  6.50  6.00  5.50  5.00  4.50  4.00  3.50  3.00  2.50  2.00  2.50  3.00  3.50  4.00  4.50  5.00  5.50  6.00  6.50  7.00  7.50  8.00  8.50  9.00  9.50  10.00  10.50  11.00  
9.50  9.00  8.50  8.00  7.50  7.00  6.50  6.00  5.50  5.00  4.50  4.00  3.50  3.00  2.50  3.00  3.50  4.00  4.50  5.00  5.50  6.00  6.50  7.00  7.50  8.00  8.50  9.00  9.50  10.00  10.50  11.00  11.50  
10.00  9.50  9.00  8.50  8.00  7.50  7.00  6.50  6.00  5.50  5.00  4.50  4.00  3.50  3.00  3.50  4.00  4.50  5.00  5.50  6.00  6.50  7.00  7.50  8.00  8.50  9.00  9.50  10.00  10.50  11.00  11.50  12.00  
10.50  10.00  9.50  9.00  8.50  8.00  7.50  7.00  6.50  6.00  5.50  5.00  4.50  4.00  3.50  4.00  4.50  5.00  5.50  6.00  6.50  7.00  7.50  8.00  8.50  9.00  9.50  10.00  10.50  11.00  11.50  12.00  12.50  
11.00  10.50  10.00  9.50  9.00  8.50  8.00  7.50  7.00  6.50  6.00  5.50  5.00  4.50  4.00  4.50  5.00  5.50  6.00  6.50  7.00  7.50  8.00  8.50  9.00  9.50  10.00  10.50  11.00  11.50  12.00  12.50  13.00  
11.50  11.00  10.50  10.00  9.50  9.00  8.50  8.00  7.50  7.00  6.50  6.00  5.50  5.00  4.50  5.00  5.50  6.00  6.50  7.00  7.50  8.00  8.50  9.00  9.50  10.00  10.50  11.00  11.50  12.00  12.50  13.00  13.50  
12.00  11.50  11.00  10.50  10.00  9.50  9.00  8.50  8.00  7.50  7.00  6.50  6.00  5.50  5.00  5.50  6.00  6.50  7.00  7.50  8.00  8.50  9.00  9.50  10.00  10.50  11.00  11.50  12.00  12.50  13.00  13.50  14.00  
12.50  12.00  11.50  11.00  10.50  10.00  9.50  9.00  8.50  8.00  7.50  7.00  6.50  6.00  5.50  6.00  6.50  7.00  7.50  8.00  8.50  9.00  9.50  10.00  10.50  11.00  11.50  12.00  12.50  13.00  13.50  14.00  14.50  
13.00  12.50  12.00  11.50  11.00  10.50  10.00  9.50  9.00  8.50  8.00  7.50  7.00  6.50  6.00  6.50  7.00  7.50  8.00  8.50  9.00  9.50  10.00  10.50  11.00  11.50  12.00  12.50  13.00  13.50  14.00  14.50  15.00  
13.50  13.00  12.50  12.00  11.50  11.00  10.50  10.00  9.50  9.00  8.50  8.00  7.50  7.00  6.50  7.00  7.50  8.00  8.50  9.00  9.50  10.00  10.50  11.00  11.50  12.00  12.50  13.00  13.50  14.00  14.50  15.00  15.50  
14.00  13.50  13.00  12.50  12.00  11.50  11.00  10.50  10.00  9.50  9.00  8.50  8.00  7.50  7.00  7.50  8.00  8.50  9.00  9.50  10.00  10.50  11.00  11.50  12.00  12.50  13.00  13.50  14.00  14.50  15.00  15.50  16.00  
14.50  14.00  13.50  13.00  12.50  12.00  11.50  11.00  10.50  10.00  9.50  9.00  8.50  8.00  7.50  8.00  8.50  9.00  9.50  10.00  10.50  11.00  11.50  12.00  12.50  13.00  13.50  14.00  14.50  15.00  15.50  16.00  16.50  
15.00  14.50  14.00  13.50  13.00  12.50  12.00  11.50  11.00  10.50  10.00  9.50  9.00  8.50  8.00  8.50  9.00  9.50  10.00  10.50  11.00  11.50  12.00  12.50  13.00  13.50  14.00  14.50  15.00  15.50  16.00  16.50  17.00  
15.50  15.00  14.50  14.00  13.50  13.00  12.50  12.00  11.50  11.00  10.50  10.00  9.50  9.00  8.50  9.00  9.50  10.00  10.50  11.00  11.50  12.00  12.50  13.00  13.50  14.00  14.50  15.00  15.50  16.00  16.50  17.00  17.50  
16.00  15.50  15.00  14.50  14.00  13.50  13.00  12.50  12.00  11.50  11.00  10.50  10.00  9.50  9.00  9.50  10.00  10.50  11.00  11.50  12.00  12.50  13.00  13.50  14.00  14.50  15.00  15.50  16.00  16.50  17.00  17.50  18.00  
